    2    8    4
 10.811 12.011
    1    1  1.0000  0.0000  0.0000
-39.843972   0.000000   0.000000
  0.687780   0.000000   0.000000
  9.214132  -5.282156   0.000000
  2.696725  -3.304143   0.000000
 18.362101   0.000000   0.000000
 -3.027623   0.000000   0.000000
  9.214132   5.282156   0.000000
  2.696725   3.304143   0.000000
    1    2  0.0000  0.0000  1.0000
  0.000000  -0.000000 -12.381909
  0.000000  -0.000000   1.578830
 -0.000002   0.000003   4.038359
  0.000000   0.000001  -0.437333
  0.000003   0.000000   4.038359
 -0.000001  -0.000000  -0.437333
 -0.000002  -0.000003   4.038359
  0.000000  -0.000001  -0.437333
    3    1  1.0000  0.0000  0.0000
  9.211578  -5.289784   0.000000
  2.697641   3.307293   0.000000
-54.002013  -0.733996   0.000000
 26.430878   1.250364   0.000000
  3.665628  -7.704032   0.000000
 14.558041   5.605560   0.000000
 -6.083273   2.069691   0.000000
  3.521520   1.494903   0.000000
    3    2  0.0000  0.0000  1.0000
 -0.000001   0.000002   4.041774
 -0.000002   0.000003  -0.441106
  0.000000  -0.000000 -10.645683
 -0.000005  -0.000006   5.973876
 -0.000002  -0.000001  -3.018558
  0.000008   0.000002   5.973876
  0.000002   0.000001  -3.018558
  0.000000  -0.000001   1.134379
