    2   72    4
 10.811 12.011
    1    1  1.0000  0.0000  0.0000
-40.389973  -0.000000   0.000000
  0.195570   0.208612   0.000000
  0.194532   0.313750   0.000000
  0.194532  -0.313750   0.000000
 -0.258369   0.052649   0.000000
  0.142261  -0.000000   0.000000
  0.195570  -0.208612   0.000000
  0.141079  -0.000000   0.000000
 -0.258369  -0.052649   0.000000
  0.644938  -0.000000   0.000000
  0.056838   0.105244   0.000000
 -0.646991   0.745697   0.000000
 -0.646991  -0.745697   0.000000
  0.290406   0.278320   0.000000
  0.772551  -0.000000   0.000000
  0.056838  -0.105244   0.000000
 -0.124947  -0.000000   0.000000
  0.290406  -0.278320   0.000000
  9.460888  -4.903997   0.000000
  0.009938   0.048977   0.000000
  0.034437  -0.070906   0.000000
 -0.365986  -0.084882   0.000000
  0.075858  -0.520493   0.000000
  0.086737   0.063143   0.000000
 -0.152800   0.075316   0.000000
  0.059386   0.077281   0.000000
 -0.001064   0.023184   0.000000
  1.315595  -2.324590   0.000000
 -0.053245  -0.028601   0.000000
  0.021309  -0.128871   0.000000
  1.605002  -0.435273   0.000000
 -0.094026  -0.329994   0.000000
 -0.202140  -0.115899   0.000000
  0.105955  -0.062459   0.000000
 -0.041278   0.094238   0.000000
  0.040205   0.023315   0.000000
 17.955594  -0.000000   0.000000
  0.378923  -0.163977   0.000000
 -0.162961  -0.105852   0.000000
 -0.162961   0.105852   0.000000
  0.040802  -0.038715   0.000000
 -0.020913  -0.000000   0.000000
  0.378923   0.163977   0.000000
 -0.074902  -0.000000   0.000000
  0.040802   0.038715   0.000000
 -0.201887  -0.000000   0.000000
  0.008416   0.052025   0.000000
 -0.930190   0.693095   0.000000
 -0.930190  -0.693095   0.000000
 -0.159534  -0.140005   0.000000
 -0.664812  -0.000000   0.000000
  0.008416  -0.052025   0.000000
 -0.003413  -0.000000   0.000000
 -0.159534   0.140005   0.000000
  9.460888   4.903997   0.000000
 -0.152800  -0.075316   0.000000
 -0.365986   0.084882   0.000000
  0.034437   0.070906   0.000000
 -0.001064  -0.023184   0.000000
  0.086737  -0.063143   0.000000
  0.009938  -0.048977   0.000000
  0.059386  -0.077281   0.000000
  0.075858   0.520493   0.000000
  1.315595   2.324590   0.000000
  0.105955   0.062459   0.000000
  1.605002   0.435273   0.000000
  0.021309   0.128871   0.000000
  0.040205  -0.023315   0.000000
 -0.202140   0.115899   0.000000
 -0.053245   0.028601   0.000000
 -0.041278  -0.094238   0.000000
 -0.094026   0.329994   0.000000
    1    2  0.0000  0.0000  1.0000
  0.000000   0.000000 -12.397738
 -0.000000  -0.000001  -0.013006
  0.000001  -0.000000  -0.013006
  0.000001   0.000000  -0.013006
 -0.000001  -0.000001  -0.013006
  0.000000   0.000000  -0.000990
 -0.000000   0.000001  -0.013006
 -0.000000   0.000000  -0.001260
 -0.000001   0.000001  -0.013006
 -0.000001   0.000000   0.397387
  0.000001  -0.000001   0.019036
  0.000001   0.000001   0.397387
  0.000001  -0.000001   0.397387
 -0.000000  -0.000000   0.115105
  0.000001   0.000000   0.115105
  0.000001   0.000001   0.019036
 -0.000001   0.000000   0.019036
 -0.000000   0.000000   0.115105
  0.000010  -0.000017   5.328345
  0.000001   0.000001  -0.008862
 -0.000001   0.000000  -0.008862
 -0.000000   0.000001  -0.625060
 -0.000000   0.000001  -0.625060
 -0.000000   0.000001   0.006881
  0.000001  -0.000000  -0.009125
 -0.000000   0.000001  -0.013621
 -0.000000  -0.000001  -0.009125
 -0.000009   0.000002  -0.312522
  0.000000   0.000000  -0.000830
  0.000000   0.000000  -0.012340
  0.000006  -0.000007  -0.312522
  0.000001   0.000001   0.252670
  0.000001  -0.000001  -0.035257
 -0.000000  -0.000000   0.049192
 -0.000000   0.000000  -0.000830
 -0.000001   0.000000  -0.035257
 -0.000019   0.000000   5.328345
  0.000001   0.000000  -0.625060
 -0.000001  -0.000000  -0.009125
 -0.000001   0.000000  -0.009125
  0.000001   0.000001  -0.008862
  0.000001   0.000000   0.006881
  0.000001  -0.000000  -0.625060
  0.000001   0.000000  -0.013621
  0.000001  -0.000001  -0.008862
 -0.000000   0.000000  -0.012340
 -0.000000  -0.000000  -0.000830
  0.000003   0.000008  -0.312522
  0.000003  -0.000008  -0.312522
  0.000000  -0.000001  -0.035257
 -0.000001   0.000000   0.252670
 -0.000000   0.000000  -0.000830
  0.000000  -0.000000   0.049192
  0.000000   0.000001  -0.035257
  0.000010   0.000017   5.328345
  0.000001   0.000000  -0.009125
 -0.000000  -0.000001  -0.625060
 -0.000001  -0.000000  -0.008862
 -0.000000   0.000001  -0.009125
 -0.000000  -0.000001   0.006881
  0.000001  -0.000001  -0.008862
 -0.000000  -0.000001  -0.013621
 -0.000000  -0.000001  -0.625060
 -0.000009  -0.000002  -0.312522
 -0.000000   0.000000   0.049192
  0.000006   0.000007  -0.312522
  0.000000  -0.000000  -0.012340
 -0.000001  -0.000000  -0.035257
  0.000001   0.000001  -0.035257
  0.000000  -0.000000  -0.000830
 -0.000000  -0.000000  -0.000830
  0.000001  -0.000001   0.252670
   19    1  1.0000  0.0000  0.0000
  9.462706  -4.906094   0.000000
  0.036980   0.033003   0.000000
  0.009571  -0.059954   0.000000
 -0.158898   0.114240   0.000000
 -0.000624  -0.010926   0.000000
  0.057848   0.079974   0.000000
 -0.367226  -0.262953   0.000000
  0.083783   0.063015   0.000000
  0.081738  -0.337292   0.000000
  1.326770   0.594794   0.000000
  0.105295   0.061820   0.000000
  1.618065   2.164533   0.000000
  0.020803   0.132172   0.000000
  0.038626  -0.022615   0.000000
 -0.208807   0.116699   0.000000
 -0.057275  -0.087726   0.000000
 -0.041098   0.023620   0.000000
 -0.099403   0.331030   0.000000
-54.539265  -0.808473   0.000000
  0.147361   0.037892   0.000000
  0.145835   0.256004   0.000000
  0.263585  -0.163125   0.000000
 -0.131579   0.064541   0.000000
 -0.006343  -0.018233   0.000000
  0.264035  -0.162971   0.000000
 -0.006498  -0.019395   0.000000
 -0.130888   0.065459   0.000000
 26.079650   1.179598   0.000000
 -0.158702   0.017874   0.000000
  0.298287  -0.317954   0.000000
  0.294967   0.182771   0.000000
  0.025533  -0.039562   0.000000
  0.016611  -0.003311   0.000000
 -0.160110   0.115238   0.000000
  0.012450  -0.018946   0.000000
  0.027261   0.124470   0.000000
  1.045544  -2.079227   0.000000
 -0.056433  -0.029110   0.000000
  0.008687   0.014214   0.000000
  0.156625  -0.241252   0.000000
 -0.006157   0.005694   0.000000
 -0.012235  -0.121234   0.000000
  2.899049  -4.932333   0.000000
 -0.087490  -0.165428   0.000000
 -0.279786  -0.159582   0.000000
 -0.151826   0.080320   0.000000
 -0.040627  -0.185324   0.000000
 13.927293   5.826421   0.000000
  0.277827   0.330581   0.000000
  0.009513   0.008372   0.000000
  0.165121  -0.205030   0.000000
  0.012924   0.017987   0.000000
  0.045186  -0.134688   0.000000
  0.307500  -0.122983   0.000000
 -1.052254   0.862519   0.000000
  0.012945   0.005045   0.000000
 -0.311417   0.140361   0.000000
  0.012044  -0.012267   0.000000
 -0.110295   0.085705   0.000000
 -0.199966   0.101293   0.000000
 -0.310378  -0.121063   0.000000
 -0.199964   0.013335   0.000000
 -3.926561   0.998099   0.000000
 -0.099233  -0.131235   0.000000
 -0.016234  -0.011762   0.000000
  0.082517  -0.241182   0.000000
 -0.016120  -0.025426   0.000000
  0.078859   0.085870   0.000000
  0.269957  -0.023953   0.000000
  0.221928   0.104991   0.000000
  0.154652   0.145817   0.000000
  2.837762   1.597236   0.000000
   19    2  0.0000  0.0000  1.0000
  0.000012  -0.000022   5.336015
  0.000001  -0.000000  -0.006891
 -0.000001  -0.000001  -0.006891
  0.000002  -0.000002  -0.007530
  0.000000  -0.000003  -0.007530
  0.000001  -0.000001  -0.012328
  0.000001  -0.000005  -0.629678
  0.000000  -0.000001   0.008166
  0.000004  -0.000003  -0.629678
 -0.000009  -0.000016  -0.331974
 -0.000000   0.000000   0.051275
  0.000018   0.000000  -0.331974
 -0.000000   0.000000  -0.011718
  0.000001  -0.000002  -0.034339
  0.000002  -0.000002  -0.034339
  0.000001  -0.000001   0.000616
  0.000001  -0.000002   0.000616
  0.000010  -0.000017   0.254484
 -0.000019   0.000032 -11.228046
  0.000005  -0.000003  -0.109388
  0.000000  -0.000006  -0.109388
  0.000002  -0.000001   0.214314
  0.000000  -0.000002   0.214314
  0.000000  -0.000001  -0.031471
 -0.000001   0.000004   0.214402
  0.000001  -0.000001  -0.031490
 -0.000003   0.000003   0.214402
 -0.000012   0.000049   6.043171
  0.000001  -0.000000   0.023823
  0.000002  -0.000005  -0.008022
 -0.000004  -0.000001  -0.008078
  0.000002   0.000000  -0.082903
  0.000002  -0.000001   0.002126
  0.000000  -0.000000   0.023470
  0.000001  -0.000001   0.063211
  0.000005   0.000000  -0.083237
 -0.000001  -0.000006  -1.390717
 -0.000002  -0.000000   0.200889
  0.000000  -0.000001   0.014086
 -0.000001  -0.000002  -0.097925
  0.000001  -0.000002   0.014159
  0.000001   0.000003  -0.022474
  0.000005  -0.000020  -1.915257
  0.000002  -0.000002  -0.022433
 -0.000005   0.000003   0.200749
  0.000003  -0.000004  -0.008022
 -0.000000  -0.000001   0.023823
 -0.000037   0.000035   6.043171
  0.000003   0.000003  -0.008078
  0.000000  -0.000002   0.002126
 -0.000001  -0.000001  -0.082903
  0.000001  -0.000001   0.063211
  0.000000  -0.000000   0.023470
 -0.000003  -0.000005  -0.083237
  0.000005  -0.000002  -1.390717
  0.000000  -0.000001   0.014086
  0.000001   0.000002   0.200889
  0.000001  -0.000002   0.014159
  0.000002  -0.000001  -0.097925
 -0.000003   0.000001  -0.022474
  0.000000   0.000005   0.200749
  0.000001  -0.000003  -0.022433
  0.000015  -0.000014  -1.915257
  0.000001   0.000004  -0.040648
  0.000001  -0.000003   0.002824
 -0.000004   0.000001  -0.040648
  0.000000  -0.000001  -0.133893
 -0.000001  -0.000003   0.084016
  0.000003  -0.000001   0.084016
  0.000002  -0.000000  -0.076267
 -0.000001  -0.000002  -0.076267
 -0.000018   0.000031   1.333637
